mass=250;
duration=319;

velocity_1=zeros(1,duration);
velocity_2=zeros(1,duration);
velocity_3=zeros(1,duration);


acc_1=zeros(1,duration);
acc_2=zeros(1,duration);
acc_3=zeros(1,duration);

velocity_1=[0	0	0	0	0	0	0	0	0	0	0	0	0	0.538888888888889	3.61111111111111	6.16944444444445	6.39444444444444	5.78333333333333	5.60277777777778	5.40555555555556	1.44166666666667	-0.0138888888888889	0	0	0	0	0	0	0	0	0	0	0	0	0	0	0	0	0	0	0	0	0	0	0	0.855555555555556	3.87222222222222	6.34722222222222	6.35277777777778	5.73333333333333	5.75277777777778	6.20277777777778	5.23611111111111	6.54722222222222	6.05277777777778	5.67777777777778	5.67777777777778	6.05555555555556	5.60833333333333	5.99166666666667	6.21944444444445	5.71666666666667	5.63055555555556	6.30833333333333	5.81666666666667	5.45277777777778	6.37222222222222	5.97222222222222	0.972222222222222	-0.0194444444444444	-0.00277777777777778	0	0	0	0	0	0	0	0	0	0	0	0	0	0	0	0	0	0	0	0	0	0	0	0	0	0	0	0	0	0	0	0	0	0	0	0	0	0	0	0	0	0	0	0	0	0	0	0	0	0	0	0	0	0	0	0	0	0	0.0638888888888889	2.63888888888889	5.05833333333333	6.59722222222222	6.18888888888889	5.65277777777778	6.00833333333333	6.23333333333333	5.72777777777778	5.64166666666667	6.31666666666667	5.82222222222222	5.45555555555556	6.34444444444445	5.86666666666667	5.42500000000000	6.37222222222222	5.96944444444444	5.48055555555556	6.31944444444445	6.07222222222222	5.57222222222222	6.14444444444445	6.17222222222222	5.71944444444445	5.51944444444445	6.34166666666667	5.86666666666667	5.42500000000000	6.37222222222222	5.96944444444444	5.47777777777778	6.31944444444445	6.07222222222222	5.56944444444445	6.14444444444445	6.12500000000000	5.62222222222222	5.99166666666667	6.22222222222222	5.71944444444445	5.63333333333333	6.26388888888889	5.71944444444445	5.79444444444444	6.17222222222222	5.56944444444445	6.31944444444445	5.92222222222222	5.51944444444445	6.22222222222222	5.56944444444445	6.35833333333333	3.50000000000000	1.49166666666667	-0.00833333333333333	0	0	0	0	0	0	0	0	0	0	1.12500000000000	4.58888888888889	3.58611111111111	6.20555555555556	5.18333333333333	4.86944444444444	6.27222222222222	6.08333333333333	5.85833333333333	5.93333333333333	5.70277777777778	6.12777777777778	6.28888888888889	5.62777777777778	3.17500000000000	0	0	0	0	0	0	0	0	0	0	0	0	0	0	0	0	4.11666666666667	6.16944444444445	5.59722222222222	6.19444444444445	6.15277777777778	6.36111111111111	5.99444444444444	5.63333333333333	5.45277777777778	5.31111111111111	6.30277777777778	5.91944444444444	5.59166666666667	5.82500000000000	6.36666666666667	5.99166666666667	5.58888888888889	5.80833333333333	6.35555555555556	5.98055555555556	5.58055555555556	5.80277777777778	6.35000000000000	5.97500000000000	5.80000000000000	7.25277777777778	8.82777777777778	10.3027777777778	11.6805555555556	12.9944444444444	14.2555555555556	15.4722222222222	16.6444444444444	17.9111111111111	19.1250000000000	20.2888888888889	21.4055555555556	22.4666666666667	21.5611111111111	20.7638888888889	21.0805555555556	21.9083333333333	22.2500000000000	20.6666666666667	21.2527777777778	22.5166666666667	20.6388888888889	21.9750000000000	20.6361111111111	12.3361111111111	5.36388888888889	5.88888888888889	6.21111111111111	5.66111111111111	6.16944444444445	6.08888888888889	5.49166666666667	6.38055555555556	5.87222222222222	5.52500000000000	6.26944444444444	5.66944444444444	6.25277777777778	5.96944444444444	5.45555555555556	6.26666666666667	5.57222222222222	6.37222222222222	5.76388888888889	5.47777777777778	3.83055555555556	6.54722222222222	5.99444444444444	5.45277777777778	6.21666666666667	5.48055555555556	6.30555555555556	5.57500000000000	6.36388888888889	5.66944444444444	6.35833333333333	5.76944444444444	6.25000000000000	5.81388888888889	6.25000000000000	5.81388888888889	6.25000000000000	5.81388888888889	6.31944444444445	5.71388888888889	6.37222222222222	5.61944444444444	6.34722222222222];
acc_1=[0	0	0	0	0	0	0	0	0	0	0	0	0	0.538888888888889	3.07222222222222	2.55833333333333	0.225000000000000	-0.611111111111111	-0.180555555555555	-0.197222222222222	-3.96388888888889	-1.45555555555556	0.0138888888888889	0	0	0	0	0	0	0	0	0	0	0	0	0	0	0	0	0	0	0	0	0	0	0.855555555555556	3.01666666666667	2.47500000000000	0.00555555555555544	-0.619444444444445	0.0194444444444445	0.449999999999999	-0.966666666666666	1.31111111111111	-0.494444444444445	-0.374999999999999	0	0.377777777777778	-0.447222222222222	0.383333333333333	0.227777777777778	-0.502777777777778	-0.0861111111111108	0.677777777777778	-0.491666666666667	-0.363888888888890	0.919444444444445	-0.400000000000000	-5	-0.991666666666667	0.0166666666666667	0.00277777777777778	0	0	0	0	0	0	0	0	0	0	0	0	0	0	0	0	0	0	0	0	0	0	0	0	0	0	0	0	0	0	0	0	0	0	0	0	0	0	0	0	0	0	0	0	0	0	0	0	0	0	0	0	0	0	0	0	0	0.0638888888888889	2.57500000000000	2.41944444444444	1.53888888888889	-0.408333333333333	-0.536111111111111	0.355555555555555	0.225000000000001	-0.505555555555556	-0.0861111111111118	0.675000000000000	-0.494444444444444	-0.366666666666667	0.888888888888889	-0.477777777777777	-0.441666666666667	0.947222222222222	-0.402777777777779	-0.488888888888888	0.838888888888889	-0.247222222222222	-0.500000000000000	0.572222222222223	0.0277777777777772	-0.452777777777778	-0.200000000000000	0.822222222222222	-0.474999999999999	-0.441666666666667	0.947222222222222	-0.402777777777779	-0.491666666666667	0.841666666666667	-0.247222222222222	-0.502777777777777	0.575000000000000	-0.0194444444444445	-0.502777777777778	0.369444444444445	0.230555555555555	-0.502777777777777	-0.0861111111111108	0.630555555555555	-0.544444444444445	0.0749999999999999	0.377777777777778	-0.602777777777777	0.750000000000000	-0.397222222222222	-0.402777777777778	0.702777777777777	-0.652777777777777	0.788888888888889	-2.85833333333333	-2.00833333333333	-1.50000000000000	0.00833333333333333	0	0	0	0	0	0	0	0	0	1.12500000000000	3.46388888888889	-1.00277777777778	2.61944444444444	-1.02222222222222	-0.313888888888889	1.40277777777778	-0.188888888888889	-0.225000000000000	0.0749999999999999	-0.230555555555555	0.424999999999999	0.161111111111112	-0.661111111111111	-2.45277777777778	-3.17500000000000	0	0	0	0	0	0	0	0	0	0	0	0	0	0	0	4.11666666666667	2.05277777777778	-0.572222222222223	0.597222222222223	-0.0416666666666673	0.208333333333333	-0.366666666666667	-0.361111111111110	-0.180555555555556	-0.141666666666666	0.991666666666667	-0.383333333333334	-0.327777777777778	0.233333333333333	0.541666666666667	-0.375000000000000	-0.402777777777778	0.219444444444444	0.547222222222222	-0.374999999999999	-0.400000000000000	0.222222222222222	0.547222222222222	-0.374999999999999	-0.175000000000001	1.45277777777778	1.57500000000000	1.47500000000000	1.37777777777778	1.31388888888889	1.26111111111111	1.21666666666667	1.17222222222222	1.26666666666667	1.21388888888889	1.16388888888889	1.11666666666667	1.06111111111111	-0.905555555555553	-0.797222222222224	0.316666666666667	0.827777777777779	0.341666666666664	-1.58333333333333	0.586111111111111	1.26388888888889	-1.87777777777778	1.33611111111111	-1.33888888888889	-8.30000000000000	-6.97222222222222	0.525000000000000	0.322222222222222	-0.550000000000000	0.508333333333334	-0.0805555555555553	-0.597222222222223	0.888888888888889	-0.508333333333333	-0.347222222222222	0.744444444444444	-0.600000000000000	0.583333333333334	-0.283333333333334	-0.513888888888888	0.811111111111111	-0.694444444444444	0.800000000000001	-0.608333333333334	-0.286111111111111	-1.64722222222222	2.71666666666667	-0.552777777777778	-0.541666666666667	0.763888888888889	-0.736111111111111	0.825000000000000	-0.730555555555555	0.788888888888889	-0.694444444444444	0.688888888888889	-0.588888888888889	0.480555555555556	-0.436111111111111	0.436111111111111	-0.436111111111111	0.436111111111111	-0.436111111111111	0.505555555555556	-0.605555555555556	0.658333333333334	-0.752777777777778	0.727777777777778];

